,Alameda,Contra Costa,Marin,Napa,San Francisco,San Mateo,Santa Clara,Solano,Sonoma
Alameda,0.0,31.277,29.5502,54.5197,13.2731,21.8637,62.1639,32.9403,82.8301
Contra Costa,31.277,0.0,44.7298,39.62,43.01,52.9402,75.3243,23.2263,79.2226
Marin,29.5502,44.7298,0.0,41.5672,23.8574,31.972,90.8373,27.7205,56.5795
Napa,54.5197,39.62,41.5672,0.0,58.5555,69.2022,112.2015,21.7267,42.0238
San Francisco,13.2731,43.01,23.8574,58.5555,0.0,10.9507,68.013,38.4881,80.2945
San Mateo,21.8637,52.9402,31.972,69.2022,10.9507,0.0,65.0917,49.4105,88.3605
Santa Clara,62.1639,75.3243,90.8373,112.2015,68.013,65.0917,0.0,91.0481,144.8471
Solano,32.9403,23.2263,27.7205,21.7267,38.4881,49.4105,91.0481,0.0,56.8032
Sonoma,82.8301,79.2226,56.5795,42.0238,80.2945,88.3605,144.8471,56.8032,0.0
